
Net information:
3	layers
layer 0 has 2 nodes
layer 1 has 7 nodes
layer 2 has 6 nodes
---------------------------------------
weight for layer 1 to 0
-1.54616456901  1.14221540873 
 0.16846366955  1.01962301499 
-0.00679354295  0.33351695121 
 1.58602014796 -1.01075704923 
 0.54285360521  0.59603106169 
-0.43016209168  1.19765688207 
-0.80048251893  0.20572144699 
bias for layer 1
 0.18928582480 -0.62068420926 -0.76012520622 -0.31704378122 -0.66510237530 -0.36784175567  1.18386763874 
weight for layer 2 to 1
 0.86847158772  0.15660749136 -0.04048387866 -1.31923967805 -0.83012154446  0.95934243018 -0.15222837313 
-0.68562112253 -0.11800519644 -0.99929447016  0.06002676201 -0.47153818468  0.77683339798  0.24673211842 
-1.26247799443  0.40146535711  0.11189464252  0.48305261005 -0.34953074490  1.01610793480 -1.23486797461 
-1.64276981908 -1.00794164725  0.25099852345  0.92624649198  0.40092528862 -0.20922793833 -0.85812179892 
-1.02957093014 -0.06953318974  0.28795164991  1.14578343518 -0.88154367265 -0.69535282422 -1.30743491241 
-0.85212066288 -0.95094067253 -0.56607484556 -0.78287491111 -0.33546535850 -1.31655304320 -1.11630211243 
bias for layer 2
-0.97187842359 -1.77832779576  0.57701194860 -1.17420952614 -0.95982700742 -1.89965613213 
