
Net information:
3	layers
layer 0 has 2 nodes
layer 1 has 7 nodes
layer 2 has 6 nodes
---------------------------------------
weight for layer 1 to 0
-2.28943568309  1.87056375350 
-2.29325071465  2.17775477108 
 2.25294147763 -1.99629624881 
 2.20275752254 -4.78434213285 
 2.11994644352 -1.57082716403 
-4.34639000941  2.54751035406 
-6.17257328471 -1.79806055305 
bias for layer 1
 0.19629426270  0.07941204693 -0.16283791805  0.04626716754 -0.28243347710  2.37198996274  3.89325384916 
weight for layer 2 to 1
 2.33552480876  2.40919019663 -2.23947637292 -1.54270309837 -1.97273412359  1.40465360055  3.52440807875 
 0.78552622549  0.79960006640 -0.78616075260 -3.08062534076 -0.75099882443  1.40301673331  3.17095861295 
 0.00104666747  0.20749484193 -0.12449942892  1.26109996881  0.06065193467  2.62742825519 -2.53761244310 
-1.41888776042 -1.52478717292  1.46355666674  0.03099180722  1.23340778091 -2.24366386593 -1.59954816850 
-1.65205812815 -1.83900676208  1.76874471898  3.38674524176  1.51080751516 -3.10718818320 -2.50851977958 
-0.05118690172 -0.05248977341 -0.08216198508 -0.05547781853 -0.08114144744 -0.08422077535 -0.04970238487 
bias for layer 2
-0.38349937129  0.22296589709  2.08943170655  2.35629355036  0.10395895782 -6.14817658971 
